{"nbformat":4,"nbformat_minor":0,"metadata":{"colab":{"name":"Uncertainty Sampling.ipynb","provenance":[],"collapsed_sections":[],"authorship_tag":"ABX9TyOq2hVhTlcRHWsaBc6UsadP"},"kernelspec":{"name":"python3","display_name":"Python 3"},"language_info":{"name":"python"}},"cells":[{"cell_type":"code","metadata":{"id":"o2jZc9inwxnN","executionInfo":{"status":"ok","timestamp":1630993396319,"user_tz":-330,"elapsed":350,"user":{"displayName":"MANARANJAN PRADHAN","photoUrl":"","userId":"03885802779803335284"}}},"source":["import pandas as pd\n","import numpy as np\n","from math import log"],"execution_count":9,"outputs":[]},{"cell_type":"code","metadata":{"id":"TjOFuwxpw4uF","executionInfo":{"status":"ok","timestamp":1630993252763,"user_tz":-330,"elapsed":1213,"user":{"displayName":"MANARANJAN PRADHAN","photoUrl":"","userId":"03885802779803335284"}}},"source":["pred_prob_df = pd.read_csv(\"https://drive.google.com/uc?export=download&id=18t2V2udg3cWvEwj5dbbiIm9wTaZIIxwZ\")"],"execution_count":3,"outputs":[]},{"cell_type":"code","metadata":{"colab":{"base_uri":"https://localhost:8080/","height":357},"id":"DHE1b-tXxORh","executionInfo":{"status":"ok","timestamp":1630993458380,"user_tz":-330,"elapsed":331,"user":{"displayName":"MANARANJAN PRADHAN","photoUrl":"","userId":"03885802779803335284"}},"outputId":"346612d7-231c-47a5-9193-83527c23e1b9"},"source":["pred_prob_df.head(10)"],"execution_count":12,"outputs":[{"output_type":"execute_result","data":{"text/html":["<div>\n","<style scoped>\n","    .dataframe tbody tr th:only-of-type {\n","        vertical-align: middle;\n","    }\n","\n","    .dataframe tbody tr th {\n","        vertical-align: top;\n","    }\n","\n","    .dataframe thead th {\n","        text-align: right;\n","    }\n","</style>\n","<table border=\"1\" class=\"dataframe\">\n","  <thead>\n","    <tr style=\"text-align: right;\">\n","      <th></th>\n","      <th>Class_A</th>\n","      <th>Class_B</th>\n","      <th>Class_C</th>\n","    </tr>\n","  </thead>\n","  <tbody>\n","    <tr>\n","      <th>0</th>\n","      <td>0.552170</td>\n","      <td>0.429029</td>\n","      <td>0.018800</td>\n","    </tr>\n","    <tr>\n","      <th>1</th>\n","      <td>0.339303</td>\n","      <td>0.233292</td>\n","      <td>0.427405</td>\n","    </tr>\n","    <tr>\n","      <th>2</th>\n","      <td>0.350076</td>\n","      <td>0.610152</td>\n","      <td>0.039772</td>\n","    </tr>\n","    <tr>\n","      <th>3</th>\n","      <td>0.257786</td>\n","      <td>0.285204</td>\n","      <td>0.457010</td>\n","    </tr>\n","    <tr>\n","      <th>4</th>\n","      <td>0.287311</td>\n","      <td>0.016798</td>\n","      <td>0.695891</td>\n","    </tr>\n","    <tr>\n","      <th>5</th>\n","      <td>0.431469</td>\n","      <td>0.195415</td>\n","      <td>0.373116</td>\n","    </tr>\n","    <tr>\n","      <th>6</th>\n","      <td>0.544020</td>\n","      <td>0.347185</td>\n","      <td>0.108794</td>\n","    </tr>\n","    <tr>\n","      <th>7</th>\n","      <td>0.113832</td>\n","      <td>0.853517</td>\n","      <td>0.032651</td>\n","    </tr>\n","    <tr>\n","      <th>8</th>\n","      <td>0.439372</td>\n","      <td>0.224069</td>\n","      <td>0.336559</td>\n","    </tr>\n","    <tr>\n","      <th>9</th>\n","      <td>0.048470</td>\n","      <td>0.878853</td>\n","      <td>0.072677</td>\n","    </tr>\n","  </tbody>\n","</table>\n","</div>"],"text/plain":["    Class_A   Class_B   Class_C\n","0  0.552170  0.429029  0.018800\n","1  0.339303  0.233292  0.427405\n","2  0.350076  0.610152  0.039772\n","3  0.257786  0.285204  0.457010\n","4  0.287311  0.016798  0.695891\n","5  0.431469  0.195415  0.373116\n","6  0.544020  0.347185  0.108794\n","7  0.113832  0.853517  0.032651\n","8  0.439372  0.224069  0.336559\n","9  0.048470  0.878853  0.072677"]},"metadata":{},"execution_count":12}]},{"cell_type":"markdown","metadata":{"id":"ZPBp_gwHxpRQ"},"source":["## Computing Prediction Entropy\n","\n","- Calculating for the first sample\n","- Creating a utility and predicting for all samples"]},{"cell_type":"code","metadata":{"colab":{"base_uri":"https://localhost:8080/"},"id":"HevyUyWGxh0W","executionInfo":{"status":"ok","timestamp":1630993450245,"user_tz":-330,"elapsed":330,"user":{"displayName":"MANARANJAN PRADHAN","photoUrl":"","userId":"03885802779803335284"}},"outputId":"844013ae-bc11-410c-83ff-4ce0570efe2b"},"source":["- (0.552170 * log(0.552170, 2) + 0.429029 * log(0.429029\t, 2) + 0.018800 * log(0.018800, 2) ) / log(3, 2)"],"execution_count":11,"outputs":[{"output_type":"execute_result","data":{"text/plain":["0.6969703667375007"]},"metadata":{},"execution_count":11}]},{"cell_type":"code","metadata":{"id":"4yydEc1Tx8ay","executionInfo":{"status":"ok","timestamp":1630993665124,"user_tz":-330,"elapsed":327,"user":{"displayName":"MANARANJAN PRADHAN","photoUrl":"","userId":"03885802779803335284"}}},"source":["def get_pred_entropy( preds ):\n","  entropy = -sum([pred * log(pred, 2) for pred in preds]) / log(len(preds), 2)\n","  return entropy"],"execution_count":18,"outputs":[]},{"cell_type":"code","metadata":{"id":"SaNwVhN4ynh1","executionInfo":{"status":"ok","timestamp":1630993666508,"user_tz":-330,"elapsed":2,"user":{"displayName":"MANARANJAN PRADHAN","photoUrl":"","userId":"03885802779803335284"}}},"source":["pred_prob_df['entropy'] = pred_prob_df.apply(lambda rec: get_pred_entropy(rec), axis = 1)"],"execution_count":19,"outputs":[]},{"cell_type":"code","metadata":{"colab":{"base_uri":"https://localhost:8080/","height":973},"id":"vHx4zgzLy2EC","executionInfo":{"status":"ok","timestamp":1630993672076,"user_tz":-330,"elapsed":354,"user":{"displayName":"MANARANJAN PRADHAN","photoUrl":"","userId":"03885802779803335284"}},"outputId":"2427a9d4-401d-46c9-9463-62f5d6968a94"},"source":["pred_prob_df"],"execution_count":20,"outputs":[{"output_type":"execute_result","data":{"text/html":["<div>\n","<style scoped>\n","    .dataframe tbody tr th:only-of-type {\n","        vertical-align: middle;\n","    }\n","\n","    .dataframe tbody tr th {\n","        vertical-align: top;\n","    }\n","\n","    .dataframe thead th {\n","        text-align: right;\n","    }\n","</style>\n","<table border=\"1\" class=\"dataframe\">\n","  <thead>\n","    <tr style=\"text-align: right;\">\n","      <th></th>\n","      <th>Class_A</th>\n","      <th>Class_B</th>\n","      <th>Class_C</th>\n","      <th>entropy</th>\n","    </tr>\n","  </thead>\n","  <tbody>\n","    <tr>\n","      <th>0</th>\n","      <td>0.552170</td>\n","      <td>0.429029</td>\n","      <td>0.018800</td>\n","      <td>0.696971</td>\n","    </tr>\n","    <tr>\n","      <th>1</th>\n","      <td>0.339303</td>\n","      <td>0.233292</td>\n","      <td>0.427405</td>\n","      <td>0.973585</td>\n","    </tr>\n","    <tr>\n","      <th>2</th>\n","      <td>0.350076</td>\n","      <td>0.610152</td>\n","      <td>0.039772</td>\n","      <td>0.725582</td>\n","    </tr>\n","    <tr>\n","      <th>3</th>\n","      <td>0.257786</td>\n","      <td>0.285204</td>\n","      <td>0.457010</td>\n","      <td>0.969519</td>\n","    </tr>\n","    <tr>\n","      <th>4</th>\n","      <td>0.287311</td>\n","      <td>0.016798</td>\n","      <td>0.695891</td>\n","      <td>0.618307</td>\n","    </tr>\n","    <tr>\n","      <th>5</th>\n","      <td>0.431469</td>\n","      <td>0.195415</td>\n","      <td>0.373116</td>\n","      <td>0.955349</td>\n","    </tr>\n","    <tr>\n","      <th>6</th>\n","      <td>0.544020</td>\n","      <td>0.347185</td>\n","      <td>0.108794</td>\n","      <td>0.855449</td>\n","    </tr>\n","    <tr>\n","      <th>7</th>\n","      <td>0.113832</td>\n","      <td>0.853517</td>\n","      <td>0.032651</td>\n","      <td>0.449910</td>\n","    </tr>\n","    <tr>\n","      <th>8</th>\n","      <td>0.439372</td>\n","      <td>0.224069</td>\n","      <td>0.336559</td>\n","      <td>0.967596</td>\n","    </tr>\n","    <tr>\n","      <th>9</th>\n","      <td>0.048470</td>\n","      <td>0.878853</td>\n","      <td>0.072677</td>\n","      <td>0.410283</td>\n","    </tr>\n","    <tr>\n","      <th>10</th>\n","      <td>0.030902</td>\n","      <td>0.069375</td>\n","      <td>0.899723</td>\n","      <td>0.352830</td>\n","    </tr>\n","    <tr>\n","      <th>11</th>\n","      <td>0.007984</td>\n","      <td>0.527814</td>\n","      <td>0.464202</td>\n","      <td>0.666375</td>\n","    </tr>\n","    <tr>\n","      <th>12</th>\n","      <td>0.270901</td>\n","      <td>0.700124</td>\n","      <td>0.028975</td>\n","      <td>0.642628</td>\n","    </tr>\n","    <tr>\n","      <th>13</th>\n","      <td>0.094080</td>\n","      <td>0.901705</td>\n","      <td>0.004215</td>\n","      <td>0.308313</td>\n","    </tr>\n","    <tr>\n","      <th>14</th>\n","      <td>0.529113</td>\n","      <td>0.041597</td>\n","      <td>0.429291</td>\n","      <td>0.757403</td>\n","    </tr>\n","    <tr>\n","      <th>15</th>\n","      <td>0.831190</td>\n","      <td>0.145761</td>\n","      <td>0.023049</td>\n","      <td>0.474495</td>\n","    </tr>\n","    <tr>\n","      <th>16</th>\n","      <td>0.158909</td>\n","      <td>0.042843</td>\n","      <td>0.798248</td>\n","      <td>0.552642</td>\n","    </tr>\n","    <tr>\n","      <th>17</th>\n","      <td>0.040600</td>\n","      <td>0.393031</td>\n","      <td>0.566369</td>\n","      <td>0.745582</td>\n","    </tr>\n","    <tr>\n","      <th>18</th>\n","      <td>0.432654</td>\n","      <td>0.177289</td>\n","      <td>0.390058</td>\n","      <td>0.943385</td>\n","    </tr>\n","    <tr>\n","      <th>19</th>\n","      <td>0.291037</td>\n","      <td>0.650850</td>\n","      <td>0.058113</td>\n","      <td>0.731928</td>\n","    </tr>\n","    <tr>\n","      <th>20</th>\n","      <td>0.634531</td>\n","      <td>0.185153</td>\n","      <td>0.180316</td>\n","      <td>0.828128</td>\n","    </tr>\n","    <tr>\n","      <th>21</th>\n","      <td>0.479169</td>\n","      <td>0.253716</td>\n","      <td>0.267114</td>\n","      <td>0.958590</td>\n","    </tr>\n","    <tr>\n","      <th>22</th>\n","      <td>0.843575</td>\n","      <td>0.062322</td>\n","      <td>0.094103</td>\n","      <td>0.490499</td>\n","    </tr>\n","    <tr>\n","      <th>23</th>\n","      <td>0.074391</td>\n","      <td>0.905366</td>\n","      <td>0.020243</td>\n","      <td>0.329739</td>\n","    </tr>\n","    <tr>\n","      <th>24</th>\n","      <td>0.421741</td>\n","      <td>0.149962</td>\n","      <td>0.428297</td>\n","      <td>0.920998</td>\n","    </tr>\n","    <tr>\n","      <th>25</th>\n","      <td>0.191697</td>\n","      <td>0.244557</td>\n","      <td>0.563746</td>\n","      <td>0.895836</td>\n","    </tr>\n","    <tr>\n","      <th>26</th>\n","      <td>0.212884</td>\n","      <td>0.377133</td>\n","      <td>0.409983</td>\n","      <td>0.967270</td>\n","    </tr>\n","    <tr>\n","      <th>27</th>\n","      <td>0.056471</td>\n","      <td>0.535773</td>\n","      <td>0.407755</td>\n","      <td>0.785025</td>\n","    </tr>\n","    <tr>\n","      <th>28</th>\n","      <td>0.029933</td>\n","      <td>0.667317</td>\n","      <td>0.302750</td>\n","      <td>0.670567</td>\n","    </tr>\n","    <tr>\n","      <th>29</th>\n","      <td>0.505943</td>\n","      <td>0.353673</td>\n","      <td>0.140385</td>\n","      <td>0.899265</td>\n","    </tr>\n","  </tbody>\n","</table>\n","</div>"],"text/plain":["     Class_A   Class_B   Class_C   entropy\n","0   0.552170  0.429029  0.018800  0.696971\n","1   0.339303  0.233292  0.427405  0.973585\n","2   0.350076  0.610152  0.039772  0.725582\n","3   0.257786  0.285204  0.457010  0.969519\n","4   0.287311  0.016798  0.695891  0.618307\n","5   0.431469  0.195415  0.373116  0.955349\n","6   0.544020  0.347185  0.108794  0.855449\n","7   0.113832  0.853517  0.032651  0.449910\n","8   0.439372  0.224069  0.336559  0.967596\n","9   0.048470  0.878853  0.072677  0.410283\n","10  0.030902  0.069375  0.899723  0.352830\n","11  0.007984  0.527814  0.464202  0.666375\n","12  0.270901  0.700124  0.028975  0.642628\n","13  0.094080  0.901705  0.004215  0.308313\n","14  0.529113  0.041597  0.429291  0.757403\n","15  0.831190  0.145761  0.023049  0.474495\n","16  0.158909  0.042843  0.798248  0.552642\n","17  0.040600  0.393031  0.566369  0.745582\n","18  0.432654  0.177289  0.390058  0.943385\n","19  0.291037  0.650850  0.058113  0.731928\n","20  0.634531  0.185153  0.180316  0.828128\n","21  0.479169  0.253716  0.267114  0.958590\n","22  0.843575  0.062322  0.094103  0.490499\n","23  0.074391  0.905366  0.020243  0.329739\n","24  0.421741  0.149962  0.428297  0.920998\n","25  0.191697  0.244557  0.563746  0.895836\n","26  0.212884  0.377133  0.409983  0.967270\n","27  0.056471  0.535773  0.407755  0.785025\n","28  0.029933  0.667317  0.302750  0.670567\n","29  0.505943  0.353673  0.140385  0.899265"]},"metadata":{},"execution_count":20}]},{"cell_type":"markdown","metadata":{"id":"ONtBaylhzLBC"},"source":["## Top *10* samples with high uncertainty\n","\n","> Indented block\n","\n"]},{"cell_type":"code","metadata":{"colab":{"base_uri":"https://localhost:8080/","height":357},"id":"bnkbFCpBzGPo","executionInfo":{"status":"ok","timestamp":1630993735457,"user_tz":-330,"elapsed":4,"user":{"displayName":"MANARANJAN PRADHAN","photoUrl":"","userId":"03885802779803335284"}},"outputId":"22592540-6a9a-43d0-832f-d851807aaec3"},"source":["pred_prob_df.sort_values(\"entropy\", ascending=False)[0:10]"],"execution_count":21,"outputs":[{"output_type":"execute_result","data":{"text/html":["<div>\n","<style scoped>\n","    .dataframe tbody tr th:only-of-type {\n","        vertical-align: middle;\n","    }\n","\n","    .dataframe tbody tr th {\n","        vertical-align: top;\n","    }\n","\n","    .dataframe thead th {\n","        text-align: right;\n","    }\n","</style>\n","<table border=\"1\" class=\"dataframe\">\n","  <thead>\n","    <tr style=\"text-align: right;\">\n","      <th></th>\n","      <th>Class_A</th>\n","      <th>Class_B</th>\n","      <th>Class_C</th>\n","      <th>entropy</th>\n","    </tr>\n","  </thead>\n","  <tbody>\n","    <tr>\n","      <th>1</th>\n","      <td>0.339303</td>\n","      <td>0.233292</td>\n","      <td>0.427405</td>\n","      <td>0.973585</td>\n","    </tr>\n","    <tr>\n","      <th>3</th>\n","      <td>0.257786</td>\n","      <td>0.285204</td>\n","      <td>0.457010</td>\n","      <td>0.969519</td>\n","    </tr>\n","    <tr>\n","      <th>8</th>\n","      <td>0.439372</td>\n","      <td>0.224069</td>\n","      <td>0.336559</td>\n","      <td>0.967596</td>\n","    </tr>\n","    <tr>\n","      <th>26</th>\n","      <td>0.212884</td>\n","      <td>0.377133</td>\n","      <td>0.409983</td>\n","      <td>0.967270</td>\n","    </tr>\n","    <tr>\n","      <th>21</th>\n","      <td>0.479169</td>\n","      <td>0.253716</td>\n","      <td>0.267114</td>\n","      <td>0.958590</td>\n","    </tr>\n","    <tr>\n","      <th>5</th>\n","      <td>0.431469</td>\n","      <td>0.195415</td>\n","      <td>0.373116</td>\n","      <td>0.955349</td>\n","    </tr>\n","    <tr>\n","      <th>18</th>\n","      <td>0.432654</td>\n","      <td>0.177289</td>\n","      <td>0.390058</td>\n","      <td>0.943385</td>\n","    </tr>\n","    <tr>\n","      <th>24</th>\n","      <td>0.421741</td>\n","      <td>0.149962</td>\n","      <td>0.428297</td>\n","      <td>0.920998</td>\n","    </tr>\n","    <tr>\n","      <th>29</th>\n","      <td>0.505943</td>\n","      <td>0.353673</td>\n","      <td>0.140385</td>\n","      <td>0.899265</td>\n","    </tr>\n","    <tr>\n","      <th>25</th>\n","      <td>0.191697</td>\n","      <td>0.244557</td>\n","      <td>0.563746</td>\n","      <td>0.895836</td>\n","    </tr>\n","  </tbody>\n","</table>\n","</div>"],"text/plain":["     Class_A   Class_B   Class_C   entropy\n","1   0.339303  0.233292  0.427405  0.973585\n","3   0.257786  0.285204  0.457010  0.969519\n","8   0.439372  0.224069  0.336559  0.967596\n","26  0.212884  0.377133  0.409983  0.967270\n","21  0.479169  0.253716  0.267114  0.958590\n","5   0.431469  0.195415  0.373116  0.955349\n","18  0.432654  0.177289  0.390058  0.943385\n","24  0.421741  0.149962  0.428297  0.920998\n","29  0.505943  0.353673  0.140385  0.899265\n","25  0.191697  0.244557  0.563746  0.895836"]},"metadata":{},"execution_count":21}]},{"cell_type":"markdown","metadata":{"id":"oJultDp1ziik"},"source":["## Top *10* samples with low uncertainty"]},{"cell_type":"code","metadata":{"colab":{"base_uri":"https://localhost:8080/","height":357},"id":"KvOpYqRvzVxO","executionInfo":{"status":"ok","timestamp":1630993751446,"user_tz":-330,"elapsed":5,"user":{"displayName":"MANARANJAN PRADHAN","photoUrl":"","userId":"03885802779803335284"}},"outputId":"0a10d1b6-dc46-4585-ae69-44dac4466c93"},"source":["pred_prob_df.sort_values(\"entropy\", ascending=True)[0:10]"],"execution_count":22,"outputs":[{"output_type":"execute_result","data":{"text/html":["<div>\n","<style scoped>\n","    .dataframe tbody tr th:only-of-type {\n","        vertical-align: middle;\n","    }\n","\n","    .dataframe tbody tr th {\n","        vertical-align: top;\n","    }\n","\n","    .dataframe thead th {\n","        text-align: right;\n","    }\n","</style>\n","<table border=\"1\" class=\"dataframe\">\n","  <thead>\n","    <tr style=\"text-align: right;\">\n","      <th></th>\n","      <th>Class_A</th>\n","      <th>Class_B</th>\n","      <th>Class_C</th>\n","      <th>entropy</th>\n","    </tr>\n","  </thead>\n","  <tbody>\n","    <tr>\n","      <th>13</th>\n","      <td>0.094080</td>\n","      <td>0.901705</td>\n","      <td>0.004215</td>\n","      <td>0.308313</td>\n","    </tr>\n","    <tr>\n","      <th>23</th>\n","      <td>0.074391</td>\n","      <td>0.905366</td>\n","      <td>0.020243</td>\n","      <td>0.329739</td>\n","    </tr>\n","    <tr>\n","      <th>10</th>\n","      <td>0.030902</td>\n","      <td>0.069375</td>\n","      <td>0.899723</td>\n","      <td>0.352830</td>\n","    </tr>\n","    <tr>\n","      <th>9</th>\n","      <td>0.048470</td>\n","      <td>0.878853</td>\n","      <td>0.072677</td>\n","      <td>0.410283</td>\n","    </tr>\n","    <tr>\n","      <th>7</th>\n","      <td>0.113832</td>\n","      <td>0.853517</td>\n","      <td>0.032651</td>\n","      <td>0.449910</td>\n","    </tr>\n","    <tr>\n","      <th>15</th>\n","      <td>0.831190</td>\n","      <td>0.145761</td>\n","      <td>0.023049</td>\n","      <td>0.474495</td>\n","    </tr>\n","    <tr>\n","      <th>22</th>\n","      <td>0.843575</td>\n","      <td>0.062322</td>\n","      <td>0.094103</td>\n","      <td>0.490499</td>\n","    </tr>\n","    <tr>\n","      <th>16</th>\n","      <td>0.158909</td>\n","      <td>0.042843</td>\n","      <td>0.798248</td>\n","      <td>0.552642</td>\n","    </tr>\n","    <tr>\n","      <th>4</th>\n","      <td>0.287311</td>\n","      <td>0.016798</td>\n","      <td>0.695891</td>\n","      <td>0.618307</td>\n","    </tr>\n","    <tr>\n","      <th>12</th>\n","      <td>0.270901</td>\n","      <td>0.700124</td>\n","      <td>0.028975</td>\n","      <td>0.642628</td>\n","    </tr>\n","  </tbody>\n","</table>\n","</div>"],"text/plain":["     Class_A   Class_B   Class_C   entropy\n","13  0.094080  0.901705  0.004215  0.308313\n","23  0.074391  0.905366  0.020243  0.329739\n","10  0.030902  0.069375  0.899723  0.352830\n","9   0.048470  0.878853  0.072677  0.410283\n","7   0.113832  0.853517  0.032651  0.449910\n","15  0.831190  0.145761  0.023049  0.474495\n","22  0.843575  0.062322  0.094103  0.490499\n","16  0.158909  0.042843  0.798248  0.552642\n","4   0.287311  0.016798  0.695891  0.618307\n","12  0.270901  0.700124  0.028975  0.642628"]},"metadata":{},"execution_count":22}]},{"cell_type":"code","metadata":{"id":"i6djGZrnzZs1"},"source":[""],"execution_count":null,"outputs":[]}]}